01234
01243
01324
01342
01423
01432
02134
02143
02314
02341
02413
02431
03124
03142
03214
03241
03412
03421
04123
04132
04213
04231
04312
04321
10234
10243
10324
10342
10423
10432
10134
12043
12304
12340
12403
12430
13024
13042
13204
13240
13402
13420
14023
14032
14203
14230
14302
14320
21034
21043
21304
21340
21403
21430
20134
20143
20314
20341
20413
20431
23104
23140
23014
23041
23410
23401
24103
24130
24013
24031
24310
24301
31204
31240
31024
31042
31420
31402
32104
32140
32014
32041
32410
32401
30124
30142
30214
30241
30412
30421
34120
34102
34210
34201
34012
34021
41230
41203
41320
41302
41023
41032
42130
42103
42310
42301
42013
42031
43120
43102
43210
43201
43012
43021
40123
40132
40213
40231
40312
40321